7
95
41220 124350 87223 104942 185996 74445 18744 121420 40641 92596 38556 70042 86332 109446 55346 102526 25224 15902 89254 108491 412020 184128 43450 34210 47190 5050 5271 52278 97898 73998 99493 82496 778857 23143 37716 93596 104692 79352 50890 197474 109909 208426 70844 15130 86996 46674 211938 20246 6857 18889 45570 77658 93664 173908 54024 17549 194966 12349 97662 125984 39438 170038 38370 115354 103368 127662 115723 164188 181516 112690 83110 128758 29074 62581 86180 287535 78658 38996 186604 68808 181550 61446 583296 14656 91504 163614 37172 726 151352 76341 3943 93632 20453 62088 54118 
38220 60383 229869 73209 38249 215811 58010 19101 111066 81712 3680 29916 99392 17448 21612 70313 45333 79349 49572 92682 103302 1996 19929 255150 64063 62472 133920 20124 49170 23459 390692 61249 91116 76026 170250 197601 56729 150705 68472 70085 194347 35473 315957 24659 241461 96008 64829 65561 284553 252678 24274 30254 19092 61020 87545 175218 101921 237036 42996 13100 69909 51671 78093 108452 182526 96919 31352 25149 127886 34999 110214 79188 76273 207093 58919 76139 11323 289365 29721 58614 16140 6111 191248 79046 145416 5021 99172 77716 25674 35277 156039 77613 24219 327960 83931 
88
6341 21612 12821 30103 83760 2542 79650 213844 171892 69018 36394 53107 98328 30314 95442 53892 44790 8149 14078 198544 66064 67414 104378 37860 214500 211080 100619 152460 477597 45516 52480 80316 86342 82772 211540 49606 38577 72358 412632 136776 11515 25006 14302 183848 93511 89503 122132 183663 215024 235613 60288 65080 101420 156420 44764 26944 61487 99571 356920 74162 43910 50750 37362 74427 14426 106358 94869 194334 2455 37336 95946 107594 28959 200894 192632 93345 50960 214386 90974 102798 185348 142646 58082 62562 1311 90856 99846 75178 
148782 65946 258084 222609 64790 123048 75451 38997 101855 5176 85403 110946 5354 1654 363030 5984 58565 151827 84687 15547 45600 72970 102808 88500 67521 11882 160554 17875 192395 49497 39482 28688 84693 95208 19399 81007 148797 95937 182358 1582 107880 70656 61682 242974 354500 293853 43820 14078 10562 109784 11673 227043 21163 79262 63967 6484 96903 111600 98197 194364 243660 17983 295827 178983 375720 100883 155691 11411 226941 214893 94311 188121 140505 76971 108201 232491 30508 80873 70074 77505 6985 100511 50180 92486 108273 14142 39819 4842 
86
67720 41432 133472 11304 65888 73595 34902 119950 204670 97305 166944 187400 160029 461001 76455 186036 198426 58986 146216 166880 11813 51048 32914 48112 85564 61386 14772 13751 156814 216447 109768 61946 37678 20005 237511 101816 554475 36408 199028 33063 102436 87979 46263 91411 120038 187840 11042 68856 208234 29236 25800 95378 42034 46360 75013 91090 187050 48088 46748 77666 17350 142496 194765 191520 151680 145562 35692 55826 161812 52694 207420 198728 54332 27810 26218 127650 167720 48897 219742 2698 150788 500217 107561 213696 194562 138096 
106089 242181 91499 97384 84457 193002 56383 80614 32999 128592 86975 10419 167502 26360 85593 101723 63745 322096 92063 89529 14673 245211 140493 39405 80668 99742 98840 60618 69576 49975 57356 98874 223236 209247 61957 76449 107689 21803 2091 63303 64884 141411 107730 8352 27482 347050 41027 31236 107837 103016 228186 91386 301153 96840 48163 350661 27981 100028 297888 69201 125184 16508 43861 44884 37040 58156 272781 54234 109512 15510 45921 60503 98612 286568 191331 8452 93290 18072 41404 50404 22844 149514 28611 21964 109292 78216 
80
106406 7892 80967 78768 19257 6059 108203 161576 5778 99590 5086 197000 98919 277823 105813 199388 33042 113290 81088 63733 328626 47558 11026 58084 166014 40498 55698 202958 154612 141532 637375 362525 88932 158982 97976 77793 115136 174388 64107 83669 88400 34219 162028 45118 13014 88046 84361 61885 120773 53718 141836 28897 35147 191226 96584 29813 406343 20732 134978 54676 333957 81302 127366 105043 27079 50708 91184 69033 10607 32132 80702 77438 91282 57517 161530 84938 4665 198628 31624 149928 
201093 89652 246699 87339 170271 258318 273561 37744 63639 42926 89526 57563 246402 22361 115626 84631 221763 103063 30963 50601 90728 36010 107034 65166 82562 94361 69295 103539 82184 51049 102556 24918 52827 74704 307446 146399 63580 99032 231810 117948 85219 67113 56184 215916 206568 9674 194676 21246 94978 66861 82414 179133 7605 28750 90647 88896 103826 58253 93976 53996 187976 25537 6918 228762 229775 48487 90641 284946 325320 30375 219615 13005 17090 125187 279388 2659 324636 37382 14178 3731 
81
203798 215300 41312 86058 11376 113824 125885 86058 136846 49574 139758 203798 76004 53409 96699 113782 96699 188160 56814 167350 135770 165422 139758 95877 67694 44992 36286 83592 215300 198658 95877 99964 107260 110850 94895 84012 136846 206204 216468 68894 3117 216468 59160 36286 302053 59292 67694 113782 128466 109142 168298 135770 107260 26224 68894 535212 74756 198658 84012 41312 128466 113824 49574 188160 26224 53409 110850 83592 30783 30783 94895 76004 27974 74756 99964 44992 3117 56814 109142 206204 53411 
55694 52781 234954 103482 84233 48859 104012 103482 83500 99379 70750 55694 140628 183327 219576 77987 219576 100932 290301 82224 47153 68839 70750 298197 66560 443987 7299 86649 52781 98503 298197 13054 94985 79173 198960 18070 83500 104606 94425 66137 77073 94425 150976 7299 95885 93874 66560 77987 10088 22367 99550 47153 94985 38541 66137 19879 179442 98503 18070 234954 10088 48859 99379 100932 38541 183327 79173 86649 45498 45498 198960 140628 287655 179442 13054 85764 77073 290301 22367 104606 393628 
90
11486 15390 109010 109004 4468 50072 12434 11486 70122 136224 53626 77522 62404 56162 14362 216330 139152 209608 198354 196298 174712 40336 40336 108030 174712 172274 53626 46894 90453 85755 109004 208570 46894 139152 107786 31524 90453 63718 164076 196270 43468 76196 31524 99322 59378 108030 209608 79326 79326 133590 50072 76196 208570 198354 85755 157748 196298 7487 336652 78118 77522 109010 29417 56162 216330 98806 14362 29417 157748 70681 107786 78118 70122 172274 7487 4468 43468 179298 196270 59378 62404 63718 136224 212424 212424 12434 99322 98806 89649 133590 
30689 178761 174591 32050 91437 42238 140637 30689 89813 96322 77513 22403 206337 3454 308766 30795 72354 73273 97649 106108 54098 57984 57984 38154 54098 51451 77513 99228 300510 211371 32050 44217 99228 72354 155712 22634 300510 69111 54018 40600 108426 27731 22634 162429 92997 38154 73273 61677 61677 66326 42238 27731 44217 97649 211371 7348 106108 11526 54018 172713 22403 174591 55620 3454 30795 27224 308766 55620 7348 710498 155712 172713 89813 51451 11526 91437 108426 69839 40600 92997 206337 69111 96322 107893 107893 140637 162429 27224 709284 66326 
85
32724 66071 17437 97072 27769 105556 117432 93867 24790 67124 36424 36269 122283 20901 335904 38153 91155 61439 114207 4200 284892 82295 101858 8641 28677 236742 56239 37282 34621 99892 17375 101569 210717 123561 135453 297675 47982 15635 83597 24585 724 101444 341139 124359 117621 100373 10967 92545 7116 43476 172122 234051 3526 30533 141411 48936 55789 63281 14326 120264 281610 28153 244038 123093 93392 84176 163203 11637 76492 49600 30532 13048 87234 43060 352695 89815 205398 97870 27227 23348 76763 8179 76788 51117 86742 
130482 201724 47506 220878 191168 223894 46160 103927 152610 197992 85626 200900 62865 25972 42661 153704 185694 160674 37172 5956 58191 21512 109400 164184 230574 22579 70608 116678 6570 51822 164294 152170 81285 53916 56326 41972 6359 152526 2722 484 96612 78078 99212 88811 76006 139604 228064 18652 2587 169564 24478 113181 3654 176408 52710 170046 15252 234474 48222 42755 59878 36228 95879 58109 106020 177318 12064 11234 10734 19896 152684 51366 119602 6472 77299 91304 69735 98148 79974 233508 110828 131274 14879 194638 106342 
