218 373 629
338 244 526
149 251 181
156 514 427
442 457 317
269 371 51
79 409 193
286 331 440
392 262 546
31 97 352
436 249 324
66 414 208
164 336 231
259 52 175
227 225 232
557 605 258
328 284 146
544 148 411
162 111 462
238 566 60
390 513 290
628 178 281
510 116 495
493 30 428
632 498 205
185 243 206
476 174 261
319 136 449
165 377 155
598 507 519
608 142 350
7 490 550
235 260 291
257 398 24
297 192 191
150 252 405
504 50 125
59 467 239
582 372 531
393 107 589
572 186 217
452 288 385
309 285 523
214 273 123
310 551 189
274 399 487
172 311 70
90 312 553
320 480 624
55 558 616
103 19 130
1 74 222
362 128 631
23 292 293
326 479 9
82 26 388
224 472 168
434 621 34
265 423 520
407 456 283
282 389 46
626 35 330
481 484 16
454 248 505
43 57 131
360 506 25
554 302 619
618 29 127
71 593 515
44 502 489
63 169 236
219 397 422
478 49 374
229 444 358
529 391 78
94 104 574
61 211 85
365 403 237
166 412 207
363 536 611
401 220 196
517 27 147
596 268 418
567 378 327
594 56 263
223 132 62
421 359 314
190 587 445
534 264 203
122 613 109
160 271 246
599 367 386
564 11 200
603 545 446
202 332 381
65 170 540
294 416 353
77 355 483
354 138 433
460 2 400
171 110 559
581 39 289
28 561 120
114 48 287
465 473 307
12 404 277
212 226 278
607 406 216
537 530 580
384 145 340
590 84 129
280 305 610
119 538 425
625 161 361
627 221 98
496 58 451
209 533 306
491 394 105
470 40 458
552 89 497
351 604 163
213 512 511
234 503 357
76 241 485
565 525 524
279 22 140
188 464 402
474 240 321
347 20 601
167 157 36
333 573 135
535 133 592
494 426 334
106 159 606
382 415 113
204 230 134
6 68 528
300 420 583
47 615 198
53 152 80
492 242 10
500 345 571
298 177 42
576 380 612
115 424 33
228 443 543
194 15 143
439 455 600
547 569 179
250 95 304
73 395 96
588 108 83
413 17 509
448 563 322
38 482 323
318 366 141
368 570 266
4 91 348
197 21 176
182 622 14
383 441 532
270 466 518
102 344 137
376 614 541
339 435 69
556 602 32
469 67 346
154 527 99
578 486 139
341 577 295
499 542 623
75 591 101
585 18 201
151 609 256
81 375 253
64 308 370
620 488 579
431 118 508
45 562 144
342 447 254
450 187 158
183 92 356
343 117 153
180 337 417
539 245 477
272 501 408
5 364 86
329 184 301
37 459 215
419 72 13
335 315 633
126 463 3
275 575 521
233 586 93
461 124 432
100 387 267
299 560 173
516 396 247
255 430 41
453 8 630
276 199 410
555 597 121
548 313 475
438 468 210
584 379 316
87 617 54
471 195 296
88 325 568
549 369 595
112 437 303
349 522 429

8 198 43
54 92 228
38 120 23
3 225 188
215 37 217
106 128 28
116 107 177
219 32 172
102 161 29
19 224 49
77 17 135
126 201 72
118 227 93
74 220 145
15 144 11
30 206 88
143 121 27
108 185 64
163 1 164
112 125 147
58 82 73
137 180 195
212 183 157
210 208 85
176 42 122
47 139 31
191 104 113
149 103 25
100 94 111
18 41 53
95 170 16
209 189 98
68 7 76
87 91 204
159 5 193
216 197 226
156 101 63
179 142 52
96 187 129
62 2 6
200 150 196
78 202 90
61 20 56
186 48 181
166 12 165
114 132 151
124 97 134
199 13 86
131 171 138
21 110 79
99 221 22
160 173 153
66 55 14
59 152 109
4 174 192
10 60 184
67 34 89
182 81 35
190 133 214
26 46 218
24 158 84
71 50 9
194 40 141
115 39 146
205 105 130
51 167 75
117 44 57
83 127 154
175 69 80
203 162 33
169 155 168
223 178 213
211 140 36
119 123 136
45 222 148
65 70 207

16 443 180
4 273 389
103 414 409
511 169 214
460 123 47
190 158 259
348 164 641
436 613 230
650 604 93
97 223 351
297 651 275
35 202 28
20 62 565
567 516 15
634 70 402
434 483 51
464 546 186
627 566 462
127 506 523
207 338 176
234 561 188
467 382 507
656 289 587
372 40 365
657 27 86
376 312 239
42 208 209
590 617 578
213 606 542
660 614 355
334 322 67
313 403 589
162 455 393
585 342 22
430 141 253
296 50 593
510 331 632
185 98 363
358 252 177
121 557 480
562 517 237
343 255 362
80 568 195
637 132 449
521 264 150
295 247 201
598 623 256
224 136 2
418 644 412
459 341 586
554 63 151
314 139 471
134 552 183
242 290 340
34 173 192
558 197 375
524 528 525
422 379 105
518 391 293
344 571 130
533 281 446
140 96 11
490 219 90
643 212 53
494 481 221
479 107 215
415 246 124
167 349 305
196 629 438
397 231 447
503 244 427
54 537 73
553 88 642
303 410 270
57 284 131
315 288 122
6 274 24
266 500 575
469 624 152
109 144 630
135 7 3
431 442 277
618 294 405
534 102 133
498 569 191
116 250 254
502 666 612
232 76 432
168 648 10
160 56 146
226 249 592
114 154 395
104 413 233
444 236 450
548 515 621
346 115 350
178 138 285
304 607 423
89 193 477
46 113 99
599 174 78
610 269 582
148 283 352
325 594 454
472 408 316
72 549 211
287 563 540
550 356 440
108 125 602
251 371 645
298 487 292
603 222 337
539 203 95
66 329 492
65 659 260
531 591 257
404 300 200
172 411 126
309 347 601
581 227 608
101 276 576
326 91 94
319 544 381
574 1 170
473 129 171
225 639 271
636 486 584
32 280 501
560 364 609
476 520 19
378 199 390
519 41 52
175 616 187
61 658 286
367 401 68
321 12 478
400 451 433
385 8 588
661 194 333
435 407 605
13 373 580
556 75 60
635 628 638
306 448 631
541 318 577
470 111 357
547 245 302
458 583 497
437 662 69
339 452 64
82 654 81
564 117 39
327 663 491
5 157 368
308 159 354
384 332 380
268 317 58
279 36 74
181 38 263
499 258 360
345 543 457
419 59 204
228 417 311
43 291 210
396 179 161
600 14 394
320 156 555
79 198 633
33 155 119
474 265 324
453 92 278
184 77 425
71 18 182
421 307 217
165 153 652
120 535 377
532 504 406
514 137 626
262 664 128
493 145 163
240 272 597
87 653 383
551 508 646
9 522 513
428 353 545
21 370 147
17 619 649
527 369 235
48 143 526
37 49 596
299 30 218
216 31 496
229 29 55
570 85 301
484 267 426
335 529 620
505 359 572
118 461 323
573 149 282
106 420 398
665 655 512
26 23 647
386 112 330
530 439 456
579 100 538
25 206 84
110 416 611
509 468 336
387 261 45
392 241 463
388 248 205
361 466 485
189 243 424
238 374 429
622 166 44
625 310 445
399 615 489
536 366 559
495 142 488
220 328 441
475 465 83
640 482 595

47 112 19
206 73 68
157 11 205
87 181 183
79 134 128
116 104 142
78 105 161
3 137 175
126 7 30
190 193 100
132 1 40
143 164 28
55 48 148
63 115 52
176 150 35
16 20 17
44 146 39
58 180 158
136 12 24
152 199 49
76 99 155
33 88 94
156 29 208
22 182 45
80 185 53
202 195 10
6 60 110
154 186 83
174 70 165
178 107 113
23 177 201
84 122 166
192 95 173
204 179 64
82 25 67
141 127 129
196 120 42
167 86 57
36 66 133
9 98 163
97 85 171
13 140 74
37 102 111
114 188 103
119 138 96
139 108 26
50 18 168
198 160 34
51 187 189
72 15 90
62 200 207
162 31 56
32 184 153
159 54 131
2 92 121
197 124 59
14 194 170
77 101 91
43 147 8
41 4 46
149 145 125
81 144 210
65 75 123
69 89 38
61 109 21
93 117 5
151 209 71
118 172 203
27 135 106
130 169 191

586 231 178
535 558 194
413 623 374
332 635 409
64 135 669
204 344 434
129 192 342
405 395 74
596 182 18
643 475 387
376 549 161
97 341 21
22 572 73
366 616 380
170 626 540
30 206 497
546 362 109
591 181 90
464 233 283
368 146 36
173 673 452
105 656 498
373 278 522
5 417 648
365 180 444
618 523 142
10 606 115
248 542 149
272 303 99
138 582 645
547 447 270
334 266 304
649 670 659
663 314 516
261 255 531
593 153 246
53 232 271
14 162 321
329 240 551
217 230 42
96 602 560
583 302 254
38 603 263
599 634 210
631 172 45
163 80 489
502 7 507
467 285 372
55 505 292
495 69 279
216 574 256
370 70 167
327 91 253
277 52 338
160 28 348
459 257 237
592 244 641
258 265 456
360 448 439
293 331 422
81 589 473
433 123 609
421 16 323
185 94 666
655 441 306
598 93 379
86 116 224
601 509 2
600 27 532
661 499 17
59 443 151
614 450 207
19 235 377
638 615 262
103 144 401
393 622 61
6 667 565
198 590 46
301 156 297
98 280 126
595 588 660
234 569 311
482 520 343
274 573 317
637 438 316
128 356 567
577 102 92
308 227 539
404 662 325
169 104 378
267 34 186
449 496 367
140 79 425
226 260 435
57 605 553
398 633 309
604 63 471
453 154 179
117 187 397
671 418 555
504 218 385
431 612 346
500 122 189
82 259 355
188 132 465
48 214 617
490 620 294
481 208 32
236 9 585
423 410 108
114 576 289
47 394 386
60 118 143
594 75 4
197 538 480
137 530 145
587 375 392
460 157 196
536 106 199
11 445 485
432 184 566
534 579 322
139 158 333
119 243 141
430 466 200
568 420 268
78 310 273
340 501 564
357 514 100
369 484 1
250 486 147
529 359 613
345 337 324
213 352 241
124 513 493
205 245 545
512 133 111
193 326 396
625 580 15
66 209 171
319 559 557
252 468 264
632 563 150
228 675 68
101 134 125
49 72 349
491 658 382
175 556 221
347 89 300
455 462 543
67 584 54
548 654 159
406 174 581
419 24 519
83 652 562
130 526 472
177 390 388
550 544 165
506 113 402
510 275 225
518 524 238
391 201 411
463 12 353
647 291 474
454 202 525
127 120 477
336 44 251
424 653 155
399 191 361
657 470 77
636 668 313
219 339 211
39 483 578
269 488 276
13 428 451
121 363 639
223 642 281
674 476 427
37 629 640
384 40 570
628 95 436
665 650 414
389 76 131
610 212 148
43 408 287
426 107 440
644 25 416
521 537 31
487 528 56
527 312 33
624 136 492
215 597 478
358 619 296
51 354 403
517 41 110
62 20 229
607 461 381
307 23 611
220 364 315
328 190 249
646 203 458
26 479 242
437 429 176
8 457 350
71 494 627
112 330 446
247 664 65
407 282 168
515 166 288
35 183 286
50 239 383
561 284 508
295 672 305
400 222 651
608 469 298
533 412 511
290 541 87
442 164 88
335 320 554
3 575 195
318 571 85
371 552 630
29 351 299
415 58 503
84 621 152

190 454 268
24 109 127
539 536 490
100 77 232
252 528 482
375 492 21
456 347 164
187 587 320
501 584 27
122 280 148
481 31 154
401 520 549
47 365 186
231 275 62
121 311 408
147 132 23
369 98 478
560 288 498
285 175 32
323 12 324
169 405 370
317 446 541
469 4 434
11 97 533
36 484 465
214 510 177
245 22 118
403 463 130
574 472 60
576 256 50
426 193 328
65 432 458
315 327 34
445 449 49
253 91 146
491 358 357
17 543 230
355 239 51
542 419 258
200 442 81
316 201 246
540 378 80
183 462 125
297 414 522
39 194 429
131 551 248
495 509 301
444 467 364
326 250 29
142 88 525
504 255 535
396 20 404
438 128 176
151 583 480
30 172 391
56 215 19
468 345 135
136 516 221
89 263 16
318 82 589
182 210 437
192 216 435
287 129 191
494 559 173
422 42 580
519 394 377
526 594 238
296 568 593
361 302 573
254 443 507
291 511 471
68 53 6
308 119 158
225 329 499
534 473 346
282 67 54
277 165 314
397 553 85
272 138 555
517 300 428
44 531 227
335 376 57
202 265 393
178 235 431
55 425 206
529 561 325
485 457 570
304 518 409
83 430 5
577 562 283
61 476 293
292 286 591
73 156 106
451 116 93
185 406 244
111 69 390
140 257 566
383 336 76
26 506 14
512 184 226
92 417 488
84 9 386
514 440 72
96 262 90
204 150 295
33 416 289
585 167 152
46 179 219
86 373 195
160 505 264
267 330 25
79 306 464
367 343 362
582 400 402
299 103 197
155 157 337
497 188 294
453 359 439
508 579 557
586 237 433
224 102 208
8 368 107
379 399 117
251 371 352
550 486 35
236 196 565
407 342 233
209 381 411
413 10 171
249 207 66
334 290 592
554 448 166
344 319 452
387 418 162
545 139 298
384 423 350
223 13 281
578 538 105
312 523 341
372 145 163
273 141 110
310 1 348
124 211 532
43 496 558
483 436 477
466 37 564
217 199 63
412 521 45
380 356 503
581 220 279
87 354 198
75 420 424
276 385 548
575 7 331
382 114 218
450 41 527
203 78 333
222 271 269
143 309 174
305 284 513
572 159 455
475 556 552
374 137 500
567 104 168
398 502 360
134 212 340
363 74 338
108 332 395
307 303 149
229 101 530
260 351 410
588 123 38
339 590 94
546 247 392
278 270 18
388 213 40
205 234 153
537 547 313
563 64 112
180 415 133
144 240 322
474 441 421
241 389 274
487 70 459
544 48 58
353 181 113
99 71 170
95 489 189
321 427 243
349 242 52
126 524 2
115 569 261
515 259 228
3 447 266
120 161 470
479 460 461
571 59 493
15 366 28

413 397 204
28 331 121
190 124 81
145 290 172
80 268 116
372 252 387
166 345 122
90 247 5
55 38 334
48 295 179
348 388 254
53 301 418
368 354 197
211 327 184
304 294 274
272 269 193
329 407 97
318 288 35
389 373 203
310 54 93
84 169 9
16 359 185
233 391 259
36 408 392
24 311 20
118 404 319
87 18 170
140 7 365
196 355 230
59 419 363
198 385 253
152 205 416
136 344 376
210 302 216
316 264 370
369 180 223
57 237 219
415 183 8
61 305 396
314 107 212
127 142 234
115 96 187
342 100 377
323 173 353
176 49 241
406 351 330
238 132 78
167 141 258
92 72 217
178 150 83
125 380 364
181 366 23
3 30 333
409 394 119
47 123 51
86 188 236
10 340 68
401 69 117
243 326 133
379 147 37
312 414 126
138 63 146
273 32 106
200 22 13
381 358 175
393 160 148
224 420 405
399 398 206
177 367 276
315 2 130
113 313 77
297 383 320
135 79 131
261 192 362
4 360 89
76 171 231
317 52 300
85 137 361
271 278 112
111 163 352
99 293 209
88 25 158
244 129 303
201 292 21
182 403 155
91 286 350
322 251 347
40 390 64
154 191 221
412 104 70
162 349 308
110 17 139
417 26 156
242 157 280
41 283 66
289 220 357
374 114 151
249 161 29
6 227 306
384 34 291
235 229 400
410 39 109
128 143 65
102 275 245
153 298 105
378 208 321
159 256 27
94 98 186
287 120 12
75 267 338
43 164 71
257 248 270
265 33 194
95 328 346
299 108 332
165 296 174
324 411 144
336 149 67
222 58 73
11 266 402
50 335 202
60 246 382
44 45 375
168 218 339
343 281 189
262 250 356
31 74 395
255 15 207
341 226 239
263 386 284
307 240 199
195 214 285
56 309 1
279 225 337
62 213 325
14 46 215
134 277 228
101 19 232
42 260 371
82 282 103

