27 6 9 2 8 12 9 17 4 10 
14 23 9 6 16 2 10 19 55 11 
18 36 8 8 16 28 2 8 17 16 
28 19 8 12 2 28 4 4 2 2 
6 10 9 10 2 9 18 48 2 13 
32 2 44 9 17 8 6 24 2 9 
8 9 26 2 9 24 22 17 37 6 
16 19 43 8 20 27 17 2 13 4 
33 26 6 10 27 18 45 22 6 6 
2 8 58 4 9 4 9 6 20 16 
11 2 2 27 8 14 10 2 17 20 
46 31 22 18 2 25 17 8 6 9 
50 10 6 4 2 21 2 9 36 46 
70 17 8 17 31 18 30 2 12 9 
2 8 15 16 20 10 9 6 2 8 

1 1 9 8 7 6 4 8 7 3 10 4 8 7 7 
9 10 5 3 8 1 1 1 4 2 4 7 8 1 2 
9 5 5 3 8 10 6 9 6 3 8 4 3 6 4 
1 8 2 3 8 4 4 3 6 8 3 8 5 6 4 
5 4 9 7 7 7 6 3 5 7 10 8 2 1 2 
2 1 10 7 8 6 4 6 8 10 9 5 4 10 6 
8 3 9 10 2 2 5 7 2 9 4 8 2 6 2 
10 7 10 5 5 10 9 4 10 5 9 4 6 8 4 
1 1 9 5 8 1 1 3 10 3 1 6 5 8 6 
3 6 10 7 6 1 3 6 8 7 2 4 9 8 9 

7 4 7 9 9 13 2 11 5 24 4 2 9 4 6 14 2 9 9 6 1 2 7 15 3 5 
7 10 6 5 21 3 2 8 9 7 9 9 3 10 9 18 4 16 4 6 9 1 7 9 9 1 
2 2 5 13 2 7 9 5 3 9 5 16 5 2 3 8 5 2 9 5 6 9 1 14 6 9 
2 6 3 26 3 3 5 8 8 2 2 8 10 7 1 3 5 2 8 9 2 23 9 2 7 1 
7 3 3 4 1 14 2 1 7 5 4 5 3 4 13 17 17 5 3 10 8 2 1 5 10 1 
5 3 9 12 1 2 7 12 1 6 8 2 9 5 10 3 8 3 4 6 3 2 3 1 9 1 
8 3 9 11 22 7 7 14 2 2 2 5 4 1 3 13 10 25 2 4 4 2 10 9 3 5 
5 9 4 8 3 10 3 3 4 6 6 9 10 18 10 1 7 2 3 19 7 7 1 13 8 17 
2 3 9 9 16 4 2 2 2 3 3 15 2 3 4 6 2 8 17 3 2 3 2 5 15 5 
7 13 19 3 3 2 9 1 3 2 5 2 1 4 3 3 1 5 2 9 2 10 3 7 5 3 

16 2 3 9 19 18 6 4 34 1 3 47 1 18 6 1 6 17 6 10 3 18 9 6 12 3 
1 1 30 22 9 11 14 9 22 2 24 40 7 10 4 3 6 3 10 9 6 20 8 4 4 19 
9 4 34 9 1 3 3 14 14 6 7 12 27 3 8 3 7 3 7 6 15 9 5 7 1 11 
1 22 9 3 26 4 10 1 6 5 7 14 15 5 9 3 5 8 13 5 45 4 4 9 10 23 
3 3 16 4 3 8 5 4 7 4 3 12 1 4 4 1 7 24 21 23 2 5 5 1 8 5 
10 14 6 9 7 16 23 3 32 35 5 6 12 1 7 6 1 10 10 6 9 7 8 10 10 10 
6 11 7 23 14 9 20 7 3 18 10 5 7 8 3 14 1 1 9 71 9 3 3 9 11 16 
8 9 8 11 39 3 29 8 6 13 8 2 20 10 33 19 9 4 18 5 8 11 16 21 19 1 
34 3 1 9 3 32 4 6 4 9 2 10 14 10 13 1 6 3 3 12 2 1 17 4 17 4 
17 5 9 24 16 3 9 6 8 12 6 10 7 3 18 20 5 10 3 6 5 9 12 3 10 43 
2 5 11 1 4 10 1 9 7 3 28 5 15 11 7 9 23 4 13 13 1 1 9 10 4 5 
4 25 7 6 15 12 9 13 14 9 1 7 8 2 8 10 22 6 3 3 8 1 9 13 16 8 
2 11 4 1 6 13 5 3 10 7 64 19 18 1 5 10 24 4 7 11 1 11 10 1 1 19 
1 3 43 24 5 4 8 8 6 14 1 7 21 22 3 3 3 34 7 1 12 13 10 29 1 23 
9 18 7 4 3 6 9 15 10 3 10 32 8 1 7 17 2 33 6 14 19 4 9 10 1 1 
1 2 15 7 9 1 9 4 20 4 22 10 3 3 19 3 6 19 6 1 10 6 3 4 5 2 
2 9 10 18 5 26 5 10 6 13 29 2 5 10 3 10 4 17 1 5 8 5 1 2 1 15 
16 7 3 4 1 2 8 3 5 6 10 4 10 10 1 4 5 1 19 13 10 1 4 12 9 9 
3 1 10 9 10 16 3 17 9 10 10 24 1 37 8 6 9 5 4 9 9 18 10 9 4 14 
15 2 6 2 9 1 1 8 7 6 22 10 4 2 22 39 1 18 9 4 11 4 7 9 13 1 
15 5 4 5 9 1 16 8 3 8 3 9 46 1 1 51 1 5 9 7 4 3 8 9 22 4 
14 5 9 8 29 8 4 18 1 13 19 3 49 7 9 2 10 10 34 6 16 9 9 25 19 2 
10 7 4 6 9 1 4 10 7 1 7 12 19 5 26 1 9 10 7 3 12 6 8 27 3 18 
3 6 17 9 1 1 16 25 11 14 8 18 3 4 6 6 10 25 22 31 25 1 2 4 6 10 
7 17 28 1 5 13 20 16 9 10 1 2 41 3 1 3 4 26 14 15 2 19 3 1 20 53 
6 11 19 3 2 15 10 2 9 9 25 38 3 3 7 11 4 5 1 2 3 10 3 6 10 4 

17 5 42 14 19 28 14 3 23 1 2 10 20 4 5 26 4 4 4 6 4 1 15 6 7 2 
2 2 38 20 20 6 11 11 8 20 38 7 6 8 5 26 6 5 20 16 4 9 6 3 35 5 
12 4 2 1 8 15 9 1 11 7 1 5 12 10 9 57 1 6 1 9 7 8 19 2 1 3 
4 20 8 4 2 10 3 6 13 2 15 6 29 5 10 3 4 8 2 4 1 2 14 7 19 10 
6 12 1 4 30 6 25 18 7 17 20 8 10 33 6 23 3 6 5 25 5 18 7 4 3 21 
6 7 20 6 16 4 8 1 4 17 16 6 23 37 8 9 19 20 17 29 13 19 20 2 4 13 
4 5 9 2 4 5 30 24 27 18 7 6 6 8 22 7 11 31 17 7 10 19 9 5 4 7 
4 24 7 21 15 25 1 10 5 10 20 12 15 12 9 3 5 2 12 9 33 2 5 33 22 7 
3 5 1 7 2 7 14 4 18 2 4 11 7 7 1 4 4 7 7 21 4 7 18 26 3 7 
73 6 34 14 4 17 10 2 4 4 21 6 11 17 31 22 26 10 4 5 25 1 20 9 13 5 
1 11 8 7 18 6 10 4 22 33 10 2 17 3 8 16 25 9 4 5 6 4 6 1 4 5 
1 3 14 3 9 1 16 2 2 17 12 9 10 4 9 6 9 28 5 9 5 1 2 4 1 37 
4 33 33 7 6 6 5 2 7 7 7 5 14 4 37 5 21 2 1 14 17 31 5 15 5 21 
5 8 3 6 6 14 1 3 8 4 14 8 9 10 17 20 2 2 8 21 9 26 7 2 13 5 
2 9 10 4 8 9 19 1 8 17 5 1 14 28 9 14 2 9 50 1 15 30 17 25 35 7 
15 8 1 6 15 3 2 20 1 12 10 36 2 1 7 3 35 28 15 4 12 2 9 6 1 4 
7 19 24 26 2 6 5 16 5 13 4 2 4 2 11 6 5 26 5 1 24 20 19 10 7 7 
1 34 9 15 6 21 3 10 10 5 5 34 20 11 6 10 8 1 2 7 19 12 3 3 47 1 
15 12 6 4 13 25 18 28 34 11 7 21 11 8 3 25 6 3 6 7 20 21 4 11 9 4 
10 34 12 36 39 6 5 49 29 11 7 4 10 11 10 10 7 17 8 20 7 27 4 2 4 21 
13 21 30 16 2 20 4 6 9 6 3 9 3 11 9 24 7 25 15 2 4 13 20 9 6 1 
11 6 2 47 5 1 15 2 2 17 10 1 6 1 4 42 5 6 21 5 4 12 6 9 6 10 
17 8 5 1 23 19 16 4 4 7 1 4 4 2 4 11 25 10 28 23 23 11 1 13 3 17 
1 14 24 1 14 3 1 37 29 8 10 8 5 9 9 6 2 6 11 14 10 12 15 21 10 4 
4 6 1 12 5 4 2 11 17 5 19 11 37 10 3 8 5 6 6 1 4 4 6 12 10 23 
14 1 2 27 9 7 37 9 7 7 1 7 7 2 4 5 4 1 14 5 1 2 3 2 21 13 

4 4 13 4 54 20 70 3 11 50 65 46 21 16 4 3 18 8 7 9 24 2 40 3 10 8 
65 25 1 46 10 10 8 11 14 12 24 11 22 9 18 4 15 71 36 91 18 1 40 26 41 9 
33 15 15 1 7 16 79 1 26 36 44 14 10 39 20 13 17 32 11 5 34 2 8 35 9 81 
17 44 27 9 10 3 1 9 8 22 20 13 9 2 5 19 43 7 15 1 14 15 10 10 20 1 
28 11 55 5 46 1 9 8 25 3 2 5 7 24 59 22 7 7 34 22 120 23 38 10 15 29 
11 17 26 8 46 10 46 34 1 5 99 32 8 2 1 23 31 7 14 10 1 11 47 28 10 55 
60 8 89 24 12 15 17 9 5 1 75 28 33 1 1 20 30 11 9 5 36 11 8 16 68 3 
1 34 81 22 86 18 9 9 22 4 19 10 116 3 2 11 25 37 48 4 44 12 2 2 11 42 
18 8 1 17 2 7 11 13 2 28 32 46 16 24 9 9 5 9 12 13 9 31 11 16 33 47 
6 12 86 23 45 106 22 9 64 1 51 9 17 9 13 14 2 48 8 3 9 10 21 22 39 48 
43 11 25 11 43 62 27 34 31 12 7 60 8 20 14 15 21 21 92 27 10 9 10 10 1 27 
2 18 39 67 5 21 3 41 2 33 15 28 2 2 16 48 66 1 7 18 8 15 13 15 37 6 
13 5 14 17 1 1 1 1 76 3 6 10 1 93 13 1 9 10 14 24 21 24 9 47 1 59 
1 21 4 53 25 24 46 34 48 26 5 56 8 7 6 30 5 7 17 11 6 7 5 11 57 24 
1 26 8 6 7 85 11 4 1 19 7 7 57 8 10 27 16 24 10 68 10 7 16 85 12 26 
2 64 16 5 16 1 4 11 8 19 21 11 12 3 1 75 2 13 51 16 5 22 8 49 5 2 
5 16 14 7 6 15 1 12 13 36 1 37 1 13 30 8 21 37 33 4 24 2 12 9 39 86 
21 57 30 3 9 42 25 79 24 8 8 8 21 25 32 10 30 18 1 16 17 6 5 15 42 109 
7 38 5 11 4 64 11 8 5 17 90 50 76 9 56 44 31 17 16 33 17 19 46 8 5 53 
7 14 13 9 2 38 32 10 5 23 77 1 1 3 3 29 13 25 13 69 13 61 8 5 16 12 
106 60 8 5 3 2 7 10 11 2 1 68 1 23 70 9 1 120 40 14 2 5 33 113 8 8 
39 54 35 18 73 47 1 65 9 30 21 25 5 25 1 73 16 10 20 46 15 10 14 27 13 93 
2 24 20 25 16 7 5 9 18 19 25 11 58 68 44 16 5 32 8 38 8 2 18 1 24 7 
17 12 7 8 2 20 48 8 16 6 1 27 71 15 45 21 16 50 18 15 9 23 1 1 21 8 
1 80 5 2 7 9 8 1 17 15 8 19 1 28 16 9 42 7 46 74 8 46 5 26 9 2 
10 1 1 34 18 19 1 29 38 1 12 5 21 86 4 26 5 23 1 1 5 45 8 14 5 14 
26 72 10 39 1 36 29 5 11 13 5 16 18 18 22 23 75 9 72 7 19 1 20 27 20 32 
5 8 31 5 6 71 17 15 49 4 43 27 9 8 32 30 1 8 8 6 4 52 12 3 8 13 
34 8 1 11 1 8 8 5 9 40 1 17 2 53 6 6 11 1 57 54 1 8 18 15 75 11 
77 64 75 11 5 36 17 16 15 52 8 17 10 1 6 5 11 17 7 57 20 10 52 22 2 33 
50 8 2 8 10 154 1 48 7 7 3 11 19 5 16 94 3 1 6 14 64 35 8 16 11 8 
27 9 5 12 24 3 15 9 12 11 8 5 29 17 29 8 25 112 6 76 6 77 42 9 7 89 
32 1 5 8 5 19 25 39 5 29 18 35 8 2 61 6 3 30 38 1 6 21 1 18 37 12 
5 53 15 28 11 11 2 68 1 23 27 1 11 25 9 56 48 9 16 16 8 10 24 11 22 7 
9 35 34 37 1 54 48 7 59 11 2 54 5 88 7 59 9 1 35 11 91 119 16 22 23 5 
6 17 1 10 8 5 23 22 1 35 1 1 19 38 17 11 36 3 17 3 1 7 23 11 1 7 
32 17 7 8 15 35 5 63 6 26 13 24 10 1 5 17 5 13 18 15 18 29 6 17 21 8 
70 21 85 4 9 39 40 156 35 2 5 59 3 3 8 49 17 83 16 7 2 44 33 5 1 18 
35 37 3 15 37 13 5 14 10 31 12 1 14 64 15 12 17 25 1 41 29 11 66 34 8 54 
1 23 9 103 20 5 44 8 10 18 5 36 14 22 16 8 34 92 5 3 13 41 1 3 7 8 
15 5 141 44 38 8 22 17 34 4 11 7 1 2 57 7 11 8 25 62 16 57 10 2 21 37 
39 51 27 7 9 28 12 15 2 19 34 26 139 7 3 62 3 7 10 11 36 60 26 10 9 21 
19 61 81 18 18 44 54 5 51 7 3 9 13 5 24 5 5 42 10 39 43 10 3 1 2 13 
17 11 2 104 29 10 31 14 16 10 1 10 12 18 42 14 31 20 6 65 94 9 21 1 1 1 
5 29 35 4 61 12 8 17 43 4 63 12 8 38 23 8 1 26 38 7 15 1 10 17 8 37 
65 78 30 2 14 4 15 6 9 78 14 82 55 5 8 15 21 10 64 2 3 25 12 27 1 4 
17 18 89 94 3 18 6 48 22 7 7 16 5 16 15 7 28 36 8 29 71 9 2 5 5 87 
16 1 18 68 13 18 3 5 41 8 1 10 23 2 20 43 5 51 9 1 33 26 5 16 8 1 
5 8 15 40 25 74 152 25 44 1 10 22 28 101 71 40 109 12 34 32 65 27 59 25 59 17 
11 13 5 10 30 6 1 50 14 53 17 69 11 32 59 17 6 8 6 37 11 6 4 7 139 4 
12 3 69 1 42 3 26 18 22 35 3 2 112 29 25 8 5 18 15 17 26 8 24 8 8 55 
8 2 15 24 1 9 8 37 34 56 3 87 38 47 48 5 48 2 7 25 13 12 6 1 25 1 
1 28 5 16 8 13 8 66 6 5 22 1 48 17 91 13 10 8 6 3 17 11 5 3 6 5 
22 50 19 9 5 22 5 10 41 1 15 17 72 16 18 49 61 17 11 58 26 5 29 7 1 16 
1 13 4 10 1 93 57 9 3 11 8 50 29 70 11 4 11 51 10 9 9 9 21 34 6 5 
58 26 74 5 31 2 43 22 81 3 29 35 15 21 1 5 8 8 22 5 21 75 20 26 4 2 
49 13 46 5 22 7 32 1 4 1 26 10 9 22 4 14 43 16 31 2 10 34 33 17 8 66 
22 1 6 7 32 6 8 3 22 2 45 9 37 11 17 5 57 16 7 22 25 1 38 85 17 42 
77 1 26 32 32 30 9 69 5 23 17 5 8 11 19 31 54 3 19 8 27 34 6 27 1 1 
51 13 4 16 78 15 8 6 11 16 11 5 8 64 88 5 16 17 12 36 53 2 1 8 16 1 
27 9 7 8 75 17 13 86 1 37 28 9 8 20 32 36 5 21 24 5 27 17 5 14 1 28 
45 9 18 4 75 22 4 1 15 1 5 53 39 22 8 4 35 1 8 1 29 2 46 1 16 18 
9 6 45 5 2 5 54 1 68 11 6 1 54 49 1 16 11 1 23 3 72 8 46 8 20 5 
8 5 12 1 15 60 51 16 9 28 25 7 3 9 18 53 85 1 5 3 2 19 1 10 17 7 
86 13 4 12 15 23 28 2 80 31 23 32 16 8 70 34 1 10 3 41 5 53 8 53 2 5 
4 1 13 5 50 8 4 56 7 44 73 1 16 10 7 22 5 32 9 2 13 65 13 7 9 8 
27 33 19 16 9 32 10 1 1 6 8 22 40 3 13 43 12 9 9 2 8 2 30 12 7 40 
33 18 1 75 18 22 1 5 13 66 8 22 75 44 33 15 12 21 39 6 29 3 8 49 10 5 
19 9 41 12 11 3 61 12 34 44 19 25 71 38 5 2 12 68 36 21 154 5 11 23 9 11 
16 27 19 14 10 42 8 10 8 1 1 25 1 6 79 1 3 2 31 2 17 1 14 24 18 6 
17 51 9 1 17 11 7 10 1 44 102 8 2 1 3 86 21 69 42 2 39 5 30 45 3 11 
24 16 10 17 69 7 1 18 2 24 17 53 1 73 2 5 3 5 5 10 54 55 37 16 56 2 
14 7 3 4 5 21 25 1 24 6 49 8 13 18 8 10 21 23 22 9 47 16 5 33 6 26 
13 12 52 7 116 9 27 33 8 8 13 22 20 22 4 3 29 17 8 1 5 8 9 8 9 12 
11 30 48 2 83 10 13 14 1 7 18 25 19 7 43 17 9 1 8 15 29 4 10 20 5 84 
3 31 43 46 58 18 43 81 7 8 12 11 5 10 15 25 3 12 20 9 60 17 2 17 2 20 
25 5 6 5 5 8 51 8 4 9 12 46 6 8 2 13 7 49 11 61 5 17 30 1 35 14 
74 27 27 5 11 35 15 24 92 20 66 25 83 11 21 18 9 27 51 6 26 21 38 9 12 3 
18 9 15 45 6 2 19 9 7 11 3 13 9 22 44 14 1 6 4 4 1 18 38 27 3 5 
22 9 8 8 1 8 74 1 6 15 1 20 1 25 9 64 13 64 22 59 15 48 1 1 43 7 
17 6 10 11 8 8 41 40 7 5 7 6 43 1 17 15 32 73 24 59 10 1 30 3 8 37 
3 48 61 15 10 4 31 45 11 40 16 5 9 2 1 11 31 16 7 29 19 37 5 39 68 8 
2 25 15 20 1 6 8 28 8 15 21 58 9 9 17 7 8 13 10 34 50 23 41 20 10 4 
19 5 58 29 5 43 23 5 9 7 7 41 10 38 10 21 29 131 16 13 9 15 17 10 25 9 
35 4 4 41 6 1 8 5 17 3 20 13 35 14 76 129 2 3 28 16 1 19 69 28 42 17 
5 26 10 16 1 8 35 83 17 34 10 5 16 36 11 1 60 14 21 16 33 53 31 5 10 57 
4 59 5 87 6 14 33 9 54 8 27 11 10 11 7 5 11 77 9 30 62 18 7 11 5 29 
13 1 18 16 17 38 25 4 11 58 16 16 9 3 13 41 10 15 16 30 1 5 98 8 2 8 
7 59 42 35 36 14 12 4 11 16 18 16 7 37 12 42 5 28 11 8 32 8 3 2 7 20 
9 8 8 11 13 5 19 5 1 3 2 8 31 67 18 37 19 3 29 10 27 8 16 114 9 11 
2 80 1 5 11 22 12 26 5 12 29 5 2 14 8 45 1 24 46 28 12 17 25 2 10 11 
25 2 3 13 11 12 11 8 1 1 36 61 2 188 68 140 77 38 23 29 1 19 17 3 25 19 
7 2 6 6 15 12 44 23 42 20 8 6 10 37 71 76 2 4 23 8 8 12 11 12 19 39 
8 52 30 7 3 15 19 1 12 1 83 18 2 7 9 54 2 11 29 5 28 13 93 87 38 2 
8 9 5 9 15 2 14 8 49 9 5 17 5 25 11 34 24 43 22 5 22 16 35 44 16 54 
9 27 10 11 16 41 10 7 61 37 72 8 7 26 30 12 25 25 61 35 1 1 10 16 18 88 
8 24 171 11 163 5 68 8 10 5 31 67 7 1 1 18 21 7 1 24 32 11 14 43 11 6 
37 4 32 14 41 14 70 20 1 8 18 13 3 13 15 32 73 15 37 17 36 26 29 26 6 92 
6 43 23 28 1 19 1 1 15 66 1 2 27 5 1 16 9 16 27 1 9 3 3 21 25 9 
14 22 23 7 16 21 34 74 8 6 3 27 6 15 23 8 21 11 15 14 2 30 9 5 5 20 

55 51 16 14 5 14 30 7 17 2 35 1 70 19 6 5 8 18 16 23 45 38 50 16 55 48 
16 39 24 12 9 3 44 8 16 12 11 20 1 1 2 9 6 3 12 32 25 3 1 86 8 32 
30 36 13 33 10 48 1 15 2 115 53 13 30 9 22 9 15 9 11 23 6 29 21 80 24 25 
2 14 68 22 8 58 12 1 34 9 14 10 19 9 33 47 5 69 3 1 59 30 23 6 15 41 
103 1 24 8 9 8 1 17 2 3 10 13 26 1 33 56 3 53 24 12 8 2 5 45 16 13 
6 35 2 6 13 39 63 18 99 21 6 1 17 6 13 8 1 78 54 35 61 17 83 4 11 39 
13 5 6 63 16 47 10 123 6 10 1 3 39 43 58 7 8 16 44 13 56 43 143 8 34 6 
18 94 77 12 1 17 38 6 7 1 42 10 1 5 42 1 51 6 58 6 29 15 27 24 28 2 
5 12 12 25 13 4 10 124 8 19 25 9 2 6 2 71 10 17 6 8 63 24 13 1 1 6 
3 9 71 52 1 16 13 5 3 45 5 1 27 42 30 26 32 65 12 15 27 57 2 18 2 42 
91 24 16 16 45 9 49 14 3 15 6 5 1 20 16 2 3 15 37 33 199 7 12 6 32 2 
3 1 4 19 9 27 74 34 3 10 30 10 26 1 35 22 5 75 30 5 3 13 29 62 9 8 
42 2 11 21 2 8 1 10 6 6 32 11 13 2 51 12 30 19 8 13 1 39 2 14 6 18 
15 6 14 23 45 71 8 5 7 2 1 1 24 17 11 8 27 24 8 8 2 1 68 108 2 19 
6 97 3 2 11 25 9 49 39 12 2 2 12 22 13 6 22 30 5 8 11 7 14 7 24 6 
59 16 27 2 70 7 25 52 33 64 3 2 57 46 24 6 10 2 34 11 20 55 50 5 18 29 
8 16 24 14 23 55 14 64 32 3 5 2 14 1 47 8 10 72 1 16 73 22 35 121 13 17 
25 2 10 2 21 24 76 25 67 59 11 13 62 24 6 8 8 35 14 3 26 12 16 33 35 17 
95 10 6 6 40 28 34 1 75 4 1 18 2 11 9 19 22 62 5 1 24 3 2 16 6 4 
53 2 16 17 3 22 5 2 14 1 5 20 14 8 18 12 10 109 42 60 6 2 71 44 5 47 
10 4 6 36 1 37 26 40 30 23 2 19 33 6 19 17 23 24 26 1 28 2 25 24 31 9 
14 4 8 1 18 25 14 71 10 10 6 6 11 13 76 7 24 8 11 9 12 4 49 60 96 37 
2 8 15 57 9 21 15 20 6 19 43 21 3 11 6 31 12 17 54 40 2 27 40 5 2 11 
55 15 37 79 14 17 11 4 37 15 23 5 42 5 8 13 15 7 10 21 28 7 6 28 12 14 
79 44 1 14 23 2 45 4 2 17 43 81 8 11 6 55 17 1 12 20 10 20 9 6 1 70 
10 2 28 27 23 51 24 2 25 63 5 33 6 4 28 30 15 43 8 8 8 3 14 18 28 23 
26 1 42 35 11 14 36 4 35 9 9 10 8 7 53 23 24 5 3 35 6 7 37 12 27 1 
43 60 27 1 14 1 44 7 3 5 17 35 14 17 9 57 11 71 83 6 6 53 17 26 17 22 
11 8 22 36 8 25 26 22 2 13 27 37 32 4 12 38 30 14 2 25 33 11 13 116 18 36 
85 47 12 11 10 19 7 2 6 2 2 48 5 6 9 8 1 34 18 14 12 16 6 2 10 2 
10 25 13 5 8 12 5 11 6 2 3 1 19 117 61 38 33 11 136 11 13 5 116 55 3 12 
24 8 10 1 10 10 16 10 1 29 25 97 49 53 9 6 17 14 28 8 8 34 71 10 17 44 
5 41 2 6 6 26 24 1 34 5 73 49 8 44 6 23 21 12 16 13 3 2 7 19 10 58 
86 14 33 27 40 10 52 19 3 17 5 63 20 67 21 28 2 1 13 22 67 37 40 31 6 15 
9 15 9 30 2 11 1 10 13 17 9 8 34 52 10 5 44 16 6 5 24 15 19 1 16 8 
66 14 47 43 3 54 48 8 35 13 68 5 244 177 40 35 6 1 97 54 2 17 64 36 11 3 
1 7 8 79 1 19 16 1 83 5 8 78 145 3 11 70 47 57 16 87 10 2 11 11 19 4 
1 72 2 53 4 27 56 30 15 15 9 6 101 14 2 10 5 70 16 14 69 6 29 31 48 6 
3 6 1 29 6 2 14 18 12 19 15 5 2 35 9 17 22 62 2 2 11 33 6 2 22 34 
40 66 2 14 24 87 14 9 1 49 30 28 63 16 15 35 6 53 25 26 22 20 45 73 6 10 
20 2 30 2 45 31 1 23 1 25 1 1 2 9 27 1 1 24 5 19 52 2 12 27 32 20 
1 9 1 27 33 111 51 11 10 32 114 30 13 5 14 50 153 13 67 13 19 12 12 33 114 6 
34 39 9 8 10 30 4 1 18 37 101 33 66 22 56 1 12 38 17 7 42 31 8 2 82 1 
37 12 8 2 1 28 53 12 1 38 5 2 30 24 6 2 21 12 77 5 15 27 30 11 2 38 
18 26 6 19 21 11 14 3 1 1 13 10 24 17 37 3 12 79 44 9 7 50 52 8 23 27 
18 1 48 2 4 28 14 27 8 2 9 29 14 14 15 65 18 4 12 8 51 2 3 36 26 40 
29 6 9 19 20 151 41 6 60 9 3 31 14 1 12 21 5 14 12 20 5 42 3 47 6 18 
8 29 8 14 43 41 37 38 51 24 29 16 1 8 33 13 2 2 22 55 2 5 14 21 33 8 
9 15 15 20 17 30 85 10 1 33 2 23 10 68 14 6 6 14 3 10 2 1 50 19 11 10 
43 3 71 110 2 8 20 16 3 1 2 20 5 20 20 54 35 64 5 2 8 12 17 28 22 12 
45 15 5 1 18 7 1 20 11 38 13 6 24 18 30 14 90 39 2 16 47 16 13 10 57 2 
19 3 46 70 15 45 63 14 43 7 38 5 15 5 96 2 59 31 5 19 31 10 8 9 26 17 
33 3 149 6 14 14 34 47 1 37 10 5 38 51 16 32 8 20 6 10 5 66 10 16 7 22 
15 13 56 16 2 10 51 26 18 39 1 47 1 15 33 10 14 14 8 31 11 6 2 2 86 77 
31 6 14 6 96 2 5 14 56 19 20 32 19 42 61 12 16 26 63 43 4 9 24 130 14 15 
146 21 9 42 2 9 18 24 55 25 8 25 2 104 72 1 11 5 85 1 16 77 2 8 56 9 
9 29 11 4 15 1 16 10 72 32 25 11 92 13 15 6 17 12 2 15 15 77 6 54 14 2 
51 2 2 128 6 11 6 1 13 11 57 55 14 18 6 2 8 13 23 38 40 12 111 3 19 2 
10 11 11 8 57 2 48 9 8 49 24 102 43 6 52 1 19 17 107 5 6 1 8 5 10 29 
6 16 16 161 64 37 13 17 8 29 3 19 16 24 50 6 66 2 9 9 14 6 1 33 84 1 
3 6 34 24 71 12 33 73 14 14 6 15 69 15 6 50 8 48 51 18 21 3 13 1 17 12 
8 8 9 1 29 6 22 6 15 8 5 9 55 11 5 15 21 6 27 5 6 3 5 29 23 12 
35 14 36 105 125 25 126 53 1 8 14 2 28 10 38 32 29 9 2 24 2 17 8 13 29 16 
12 16 8 11 7 3 4 15 22 61 20 2 6 2 16 3 15 106 26 43 17 6 21 16 14 19 
2 109 6 8 40 34 1 30 18 8 9 2 12 1 1 11 20 18 8 13 7 2 34 11 6 29 
1 14 12 18 57 1 2 5 13 19 29 13 20 52 35 1 42 1 2 13 7 3 7 33 48 6 
54 65 78 88 27 15 15 15 2 11 14 66 18 16 44 6 22 34 1 2 35 1 2 8 8 27 
5 97 27 56 10 1 16 7 41 16 70 3 8 12 17 13 9 1 54 3 71 3 1 1 8 37 
2 14 15 6 25 2 13 3 11 2 13 9 48 22 16 35 10 30 3 6 45 9 12 56 7 11 
29 9 2 17 112 18 11 1 6 68 2 12 36 12 39 41 17 44 9 16 18 19 1 37 97 90 
3 17 14 9 3 10 58 1 12 33 10 45 55 10 50 33 59 16 11 27 10 22 19 17 5 86 
14 45 116 9 9 18 1 4 4 68 1 11 55 44 122 1 1 15 6 16 6 10 2 8 39 35 
2 2 89 7 14 12 3 12 9 8 63 29 2 33 19 3 26 7 16 8 30 18 10 7 14 5 
69 2 11 23 12 8 14 12 37 18 38 64 102 17 1 59 20 13 2 85 19 9 9 4 3 2 
47 20 18 26 6 1 44 19 1 19 1 6 23 12 53 119 49 14 27 2 3 13 20 69 1 5 
44 71 28 4 39 8 7 65 15 35 58 35 12 1 90 65 9 92 40 43 1 6 24 20 13 5 
23 6 1 40 26 9 11 12 13 71 5 2 3 32 25 20 8 1 117 70 12 43 1 20 18 1 
16 9 10 45 22 11 11 41 46 13 18 32 2 27 54 10 7 3 43 80 30 13 4 94 16 32 
64 14 67 82 14 30 7 12 2 14 6 27 6 11 5 25 17 2 60 1 33 1 65 24 19 2 
10 13 35 16 44 6 3 13 29 19 5 23 13 8 48 5 7 72 27 7 28 3 17 38 3 29 
6 9 8 1 15 26 68 9 52 79 55 23 1 16 21 13 35 20 3 17 15 8 56 18 34 10 
108 55 18 130 6 9 25 19 18 24 1 4 46 1 1 30 31 3 6 1 2 6 25 6 16 153 
8 9 14 27 22 25 44 10 2 3 5 18 2 65 1 30 2 27 10 69 7 11 17 46 37 58 
2 3 2 159 7 6 5 14 2 9 30 9 3 3 10 2 15 66 1 5 5 24 5 6 35 18 
11 8 2 17 44 9 13 20 23 36 16 3 15 28 42 9 27 1 15 9 39 40 5 20 14 15 
2 72 17 98 6 34 20 25 6 9 1 56 33 17 67 38 1 70 23 34 24 7 6 2 41 34 
1 5 12 2 43 45 5 14 12 10 2 17 23 6 41 2 17 8 1 5 37 76 5 8 15 30 
88 1 27 9 12 43 53 8 34 2 17 40 50 7 53 8 2 10 18 1 20 16 18 29 16 3 
24 1 3 8 68 47 1 3 1 9 26 19 18 16 20 7 15 11 24 74 2 93 31 28 1 2 
33 36 7 20 41 5 17 73 32 55 7 17 17 58 50 14 66 12 1 14 36 22 22 8 49 115 
19 48 91 12 8 31 23 7 19 9 8 6 46 24 28 3 13 2 3 35 43 15 11 7 60 42 
21 6 13 110 1 37 22 23 12 38 24 2 153 1 10 3 1 1 9 22 9 16 20 15 11 42 
24 33 10 38 2 20 27 32 12 8 12 12 3 20 50 45 11 42 50 58 22 8 47 27 14 1 
5 6 1 29 63 14 41 12 1 90 2 24 67 46 7 14 24 8 25 47 3 11 23 45 42 9 
13 26 41 5 43 11 71 28 11 18 17 26 7 94 18 7 16 8 3 57 5 29 31 1 2 27 
37 2 23 12 14 30 89 13 43 5 93 66 64 9 6 101 8 2 3 55 48 41 33 2 5 1 
43 18 19 68 21 90 2 35 6 27 6 9 9 9 37 30 18 97 21 36 9 8 53 6 2 31 
31 23 69 19 13 1 10 6 17 32 1 10 25 7 91 28 28 5 78 16 58 6 8 19 68 19 
1 2 5 21 6 14 14 29 8 34 16 38 3 26 10 13 3 18 53 7 10 36 9 1 19 10 
9 6 15 11 6 23 11 3 8 15 23 8 2 22 9 19 46 10 5 10 48 1 3 3 44 10 

